0,0,0,0,62,62
1,0,46,5,8,8
2,0,31,7,16,16
3,0,29,9,10,10
4,0,2,2,52,52
5,0,18,23,38,38
6,0,4,3,58,58
7,0,26,18,24,24
8,0,9,11,28,28
9,0,17,19,42,42
10,0,4,3,58,58
11,0,6,3,42,42
12,0,0,0,62,62
13,0,5,1,58,58
14,0,1,0,62,62
15,0,15,28,30,30
16,0,12,3,16,16
17,0,8,18,44,44
18,0,5,2,54,54
19,0,3,0,54,54
20,0,16,13,44,44
21,0,41,32,16,16
22,0,2,1,60,60
23,0,27,5,4,4
24,0,1,1,62,62
25,0,50,54,4,4
26,0,21,27,6,6
27,0,18,26,26,26
28,0,49,22,10,10
29,0,22,3,38,38
30,0,30,2,24,24
31,0,18,25,30,30
32,0,7,3,52,52
33,0,40,0,22,22
34,0,7,14,36,36
35,0,3,2,58,58
36,0,27,5,24,24
37,0,12,29,28,28
38,0,8,41,22,22
39,0,8,23,40,40
40,0,6,9,48,48
41,0,8,25,24,24
42,0,40,0,6,6
43,0,7,11,42,42
44,0,47,5,12,12
45,0,1,1,58,58
46,0,0,1,62,62
47,0,23,20,34,34
48,0,57,3,6,6
49,0,2,12,4,4
50,0,19,35,24,24
51,0,11,13,50,50
52,0,18,2,16,16
53,0,6,3,42,42
54,0,56,3,6,6
55,0,32,36,24,24
56,0,11,10,24,24
57,0,25,33,28,28
58,0,24,25,10,10
59,0,10,7,48,48
60,0,2,6,54,54
61,0,5,9,50,50
62,0,3,4,54,54
63,0,12,16,44,44
64,0,9,11,42,42
65,0,18,6,36,36
66,0,15,21,22,22
67,0,15,9,48,48
68,0,22,34,6,6
69,0,28,38,24,24
70,0,32,39,20,20
71,0,6,14,28,28
72,0,15,43,12,12
73,0,32,31,26,26
74,0,28,23,14,14
75,0,47,50,10,10
76,0,23,27,24,24
77,0,12,18,42,42
78,0,1,4,56,56
79,0,16,16,38,38
80,0,22,24,38,38
81,0,36,15,24,24
82,0,28,44,18,18
83,0,38,21,16,16
84,0,15,1,30,30
85,0,13,25,36,36
86,0,6,17,44,44
87,0,12,10,50,50
88,0,10,3,48,48
89,0,0,20,20,20
90,0,12,33,22,22
91,0,0,1,62,62
92,0,27,29,28,28
93,0,9,3,48,48
94,0,15,12,48,48
95,0,17,17,38,38
96,0,32,38,22,22
97,0,32,23,18,18
98,0,38,11,2,2
99,0,8,11,46,46
100,0,1,19,32,32
101,0,39,23,16,16
102,0,40,36,6,6
103,0,29,9,32,32
104,0,17,28,32,32
105,0,4,1,38,38
106,0,23,1,36,36
107,0,2,15,40,40
108,0,12,16,26,26
109,0,50,55,8,8
110,0,28,15,34,34
111,0,24,3,38,38
112,0,21,4,18,18
113,0,52,4,8,8
114,0,5,1,56,56
115,0,10,5,36,36
116,0,30,19,24,24
117,0,0,10,38,38
118,0,9,36,14,14
119,0,2,17,42,42
120,0,6,9,54,54
121,0,0,3,54,54
122,0,15,4,48,48
123,0,0,5,58,58
124,0,1,3,60,60
125,0,0,3,58,58
126,0,9,1,48,48
127,0,34,8,22,22
128,0,20,25,26,26
129,0,11,23,32,32
130,0,5,26,8,8
131,0,4,7,2,2
132,0,0,0,60,60
133,0,22,11,38,38
134,0,13,2,30,30
135,0,3,1,60,60
136,0,32,7,30,30
137,0,2,9,38,38
138,0,25,2,38,38
139,0,1,1,56,56
140,0,10,8,46,46
141,0,5,17,6,6
142,0,1,2,58,58
143,0,11,8,50,50
144,0,12,1,36,36
145,0,31,19,8,8
146,0,12,2,46,46
147,0,16,7,36,36
148,0,20,19,22,22
149,0,7,1,28,28
150,0,11,4,44,44
151,0,6,32,10,10
152,0,9,3,52,52
153,0,0,1,60,60
154,0,17,20,42,42
155,0,26,19,36,36
156,0,5,11,44,44
157,0,2,11,50,50
158,0,4,4,56,56
159,0,37,4,8,8
160,0,43,23,20,20
161,0,12,22,40,40
162,0,49,9,14,14
163,0,15,8,34,34
164,0,7,17,22,22
165,0,18,21,42,42
166,0,30,16,10,10
167,0,45,1,14,14
168,0,16,49,4,4
169,0,4,5,48,48
170,0,11,50,12,12
171,0,24,25,22,22
172,0,19,35,10,10
173,0,4,0,54,54
174,0,11,8,36,36
175,0,1,0,62,62
176,0,58,37,4,4
177,0,1,0,62,62
178,0,25,38,24,24
179,0,14,6,46,46
180,0,9,18,12,12
181,0,0,4,58,58
182,0,0,33,20,20
183,0,38,28,24,24
184,0,5,2,56,56
185,0,48,28,8,8
186,0,33,14,12,12
187,0,7,12,48,48
188,0,0,0,60,60
189,0,37,34,14,14
190,0,39,12,20,20
191,0,3,2,46,46
192,0,38,51,12,12
193,0,5,29,20,20
194,0,21,0,40,40
195,0,27,39,16,16
196,0,4,4,58,58
197,0,4,21,18,18
198,0,16,41,20,20
199,0,23,16,40,40
200,0,5,1,30,30
201,0,4,35,16,16
202,0,17,22,16,16
203,0,15,8,6,6
204,0,1,0,60,60
205,0,42,33,12,12
206,0,0,2,24,24
207,0,5,9,46,46
208,0,15,14,12,12
209,0,6,23,38,38
210,0,19,24,22,22
211,0,20,5,18,18
212,0,58,17,2,2
213,0,4,4,54,54
214,0,14,1,18,18
215,0,29,3,22,22
216,0,21,29,22,22
217,0,5,11,50,50
218,0,21,28,34,34
219,0,10,7,48,48
220,0,48,22,14,14
221,0,1,1,48,48
222,0,2,6,38,38
223,0,16,11,14,14
224,0,9,32,26,26
225,0,10,3,12,12
226,0,29,10,28,28
227,0,9,7,50,50
228,0,51,11,12,12
229,0,22,11,34,34
230,0,10,12,48,48
231,0,14,15,46,46
232,0,38,38,22,22
233,0,48,44,10,10
234,0,52,54,2,2
235,0,5,17,4,4
236,0,16,16,30,30
237,0,6,5,54,54
238,0,4,7,48,48
239,0,4,3,58,58
240,0,39,5,8,8
241,0,9,14,48,48
242,0,53,31,4,4
243,0,34,32,2,2
244,0,9,2,42,42
245,0,14,13,12,12
246,0,13,2,34,34
247,0,24,11,20,20
248,0,30,35,14,14
249,0,14,2,28,28
250,0,40,43,4,4
251,0,10,27,28,28
252,0,11,1,34,34
253,0,2,30,28,28
254,0,9,24,8,8
255,0,6,11,52,52
256,0,2,3,60,60
257,0,22,0,36,36
258,0,23,48,10,10
259,0,4,5,32,32
260,0,29,3,20,20
261,0,6,4,52,52
262,0,44,4,18,18
263,0,16,16,10,10
264,0,3,1,60,60
265,0,2,0,58,58
266,0,10,13,42,42
267,0,3,2,58,58
268,0,26,25,4,4
269,0,30,3,6,6
270,0,30,32,12,12
271,0,1,0,54,54
272,0,15,22,36,36
273,0,27,28,24,24
274,0,1,3,52,52
275,0,0,51,8,8
276,0,6,3,52,52
277,0,51,9,12,12
278,0,14,24,38,38
279,0,0,0,62,62
280,0,13,31,18,18
281,0,39,34,22,22
282,0,53,13,4,4
283,0,9,26,34,34
284,0,14,6,36,36
285,0,6,19,40,40
286,0,0,1,60,60
287,0,18,15,22,22
288,0,2,2,58,58
289,0,39,51,8,8
290,0,2,22,40,40
291,0,33,19,18,18
292,0,10,13,50,50
293,0,52,12,8,8
294,0,2,3,50,50
295,0,17,6,4,4
296,0,43,17,18,18
297,0,10,5,52,52
298,0,11,11,52,52
299,0,36,39,12,12
300,0,29,12,32,32
301,0,15,43,4,4
302,0,14,8,48,48
303,0,5,6,54,54
304,0,5,38,18,18
305,0,21,35,6,6
306,0,24,0,28,28
307,0,7,3,18,18
308,0,1,21,16,16
309,0,13,1,48,48
310,0,19,3,40,40
311,0,19,13,38,38
312,0,2,6,54,54
313,0,10,6,46,46
314,0,1,4,54,54
315,0,12,7,34,34
316,0,14,7,48,48
317,0,20,4,40,40
318,0,3,1,50,50
319,0,7,6,56,56
320,0,27,14,20,20
321,0,10,5,36,36
322,0,21,22,6,6
323,0,47,43,6,6
324,0,0,31,22,22
325,0,57,54,4,4
326,0,22,29,4,4
327,0,2,33,8,8
328,0,13,33,22,22
329,0,52,18,4,4
330,0,52,51,6,6
331,0,26,15,2,2
332,0,16,3,44,44
333,0,16,21,38,38
334,0,8,11,46,46
335,0,36,2,8,8
336,0,13,26,10,10
337,0,23,24,32,32
338,0,14,14,44,44
339,0,18,3,18,18
340,0,29,4,32,32
341,0,22,12,40,40
342,0,15,6,44,44
343,0,5,31,4,4
344,0,5,6,24,24
345,0,15,24,36,36
346,0,0,0,60,60
347,0,49,26,4,4
348,0,8,20,28,28
349,0,3,1,60,60
350,0,13,2,14,14
351,0,10,13,24,24
352,0,6,42,12,12
353,0,9,14,44,44
354,0,41,16,22,22
355,0,1,10,50,50
356,0,6,6,50,50
357,0,6,1,18,18
358,0,7,19,30,30
359,0,9,20,8,8
360,0,37,45,8,8
361,0,2,4,58,58
362,0,21,28,24,24
363,0,13,19,42,42
364,0,4,5,44,44
365,0,4,17,38,38
366,0,22,25,36,36
367,0,14,52,4,4
368,0,3,12,46,46
369,0,3,3,36,36
370,0,24,8,34,34
371,0,5,3,38,38
372,0,3,0,30,30
373,0,3,38,18,18
374,0,6,5,54,54
375,0,10,8,50,50
376,0,10,3,2,2
377,0,16,14,44,44
378,0,20,6,16,16
379,0,5,2,56,56
380,0,22,23,28,28
381,0,40,37,8,8
382,0,0,6,52,52
383,0,7,8,52,52
384,0,12,23,40,40
385,0,20,20,36,36
386,0,41,38,22,22
387,0,13,10,48,48
388,0,14,2,26,26
389,0,24,9,36,36
390,0,39,9,6,6
391,0,14,1,48,48
392,0,25,20,30,30
393,0,27,14,34,34
394,0,46,11,16,16
395,0,29,11,24,24
396,0,41,47,6,6
397,0,1,1,62,62
398,0,18,16,34,34
399,0,27,7,32,32
400,0,5,22,24,24
401,0,22,3,4,4
402,0,4,3,40,40
403,0,2,9,54,54
404,0,1,9,54,54
405,0,3,2,38,38
406,0,19,12,30,30
407,0,1,6,40,40
408,0,28,0,14,14
409,0,19,12,36,36
410,0,13,13,48,48
411,0,4,6,38,38
412,0,2,0,58,58
413,0,51,43,6,6
414,0,32,10,16,16
415,0,26,36,14,14
416,0,1,5,16,16
417,0,6,14,44,44
418,0,2,24,22,22
419,0,36,22,26,26
420,0,8,13,30,30
421,0,3,6,38,38
422,0,6,38,6,6
423,0,5,4,40,40
424,0,9,26,4,4
425,0,24,4,28,28
426,0,19,12,30,30
427,0,26,17,30,30
428,0,8,3,54,54
429,0,4,5,56,56
430,0,6,8,46,46
431,0,0,24,4,4
432,0,36,14,24,24
433,0,48,21,10,10
434,0,12,13,50,50
435,0,28,1,14,14
436,0,31,35,20,20
437,0,22,4,2,2
438,0,3,13,50,50
439,0,37,25,22,22
440,0,22,6,36,36
441,0,18,2,26,26
442,0,27,5,4,4
443,0,21,18,26,26
444,0,54,24,8,8
445,0,3,10,40,40
446,0,8,19,40,40
447,0,5,6,4,4
448,0,1,7,32,32
449,0,1,0,62,62
450,0,22,12,38,38
451,0,3,4,58,58
452,0,16,7,38,38
453,0,17,8,16,16
454,0,44,12,14,14
455,0,13,39,14,14
456,0,9,11,50,50
457,0,29,37,10,10
458,0,8,18,32,32
459,0,17,29,32,32
460,0,27,2,22,22
461,0,5,36,6,6
462,0,16,1,4,4
463,0,24,5,2,2
464,0,34,43,8,8
465,0,13,15,48,48
466,0,14,40,18,18
467,0,13,8,28,28
468,0,61,31,2,2
469,0,8,12,24,24
470,0,3,10,40,40
471,0,8,5,54,54
472,0,4,24,14,14
473,0,38,39,14,14
474,0,12,6,10,10
475,0,15,47,16,16
476,0,22,24,38,38
477,0,33,35,26,26
478,0,7,0,48,48
479,0,49,17,10,10
480,0,1,0,62,62
481,0,0,0,56,56
482,0,13,22,14,14
483,0,2,6,52,52
484,0,12,4,44,44
485,0,5,7,56,56
486,0,43,18,4,4
487,0,10,3,34,34
488,0,3,3,60,60
489,0,35,36,18,18
490,0,37,12,20,20
491,0,15,27,12,12
492,0,2,0,60,60
493,0,30,11,28,28
494,0,27,20,12,12
495,0,30,19,16,16
496,0,1,20,36,36
497,0,9,33,30,30
498,0,36,5,24,24
499,0,27,6,36,36
500,0,14,35,26,26
501,0,5,0,58,58
502,0,47,16,16,16
503,0,26,30,22,22
504,0,17,26,36,36
505,0,1,7,56,56
506,0,7,24,6,6
507,0,2,0,60,60
508,0,4,6,54,54
509,0,12,7,18,18
510,0,41,21,8,8
511,0,32,22,16,16
512,0,8,22,34,34
513,0,30,48,6,6
514,0,25,28,24,24
515,0,41,24,22,22
516,0,20,15,2,2
517,0,17,9,8,8
518,0,16,5,46,46
519,0,14,8,38,38
520,0,7,7,50,50
521,0,29,4,20,20
522,0,25,32,20,20
523,0,12,13,48,48
524,0,23,24,16,16
525,0,0,33,4,4
526,0,45,26,8,8
527,0,12,1,38,38
528,0,25,9,4,4
529,0,8,5,40,40
530,0,17,16,40,40
531,0,0,0,42,42
532,0,34,22,16,16
533,0,14,8,30,30
534,0,14,5,46,46
535,0,3,32,22,22
536,0,0,22,36,36
537,0,9,10,50,50
538,0,31,13,10,10
539,0,11,23,36,36
540,0,29,33,24,24
541,0,26,25,36,36
542,0,5,12,30,30
543,0,21,24,30,30
544,0,17,18,38,38
545,0,35,19,22,22
546,0,4,7,12,12
547,0,26,19,28,28
548,0,13,29,2,2
549,0,17,12,22,22
550,0,9,1,10,10
551,0,43,17,2,2
552,0,9,27,36,36
553,0,49,7,6,6
554,0,3,0,60,60
555,0,24,23,30,30
556,0,58,55,4,4
557,0,6,17,46,46
558,0,9,57,2,2
559,0,16,7,18,18
560,0,4,6,38,38
561,0,25,17,36,36
562,0,43,35,14,14
563,0,10,34,24,24
564,0,47,8,12,12
565,0,2,9,36,36
566,0,10,20,34,34
567,0,35,38,8,8
568,0,5,40,22,22
569,0,54,1,6,6
570,0,16,11,44,44
571,0,10,6,48,48
572,0,27,18,32,32
573,0,1,1,62,62
574,0,18,15,32,32
575,0,7,11,16,16
576,0,0,2,26,26
577,0,11,33,18,18
578,0,25,20,28,28
579,0,31,25,6,6
580,0,6,20,40,40
581,0,5,31,32,32
582,0,6,2,56,56
583,0,3,37,26,26
584,0,19,37,2,2
585,0,18,16,34,34
586,0,7,12,50,50
587,0,10,18,34,34
588,0,6,26,28,28
589,0,47,7,10,10
590,0,35,11,4,4
591,0,1,45,8,8
592,0,37,14,2,2
593,0,22,0,40,40
594,0,2,1,44,44
595,0,2,10,44,44
596,0,0,23,36,36
597,0,7,10,48,48
598,0,15,27,18,18
599,0,14,10,38,38
600,0,47,47,10,10
601,0,24,5,16,16
602,0,11,10,34,34
603,0,10,15,40,40
604,0,11,32,16,16
605,0,6,31,16,16
606,0,19,0,24,24
607,0,38,44,6,6
608,0,14,5,40,40
609,0,34,4,20,20
610,0,11,9,48,48
611,0,5,5,52,52
612,0,15,38,16,16
613,0,38,27,24,24
614,0,2,2,22,22
615,0,10,14,2,2
616,0,36,20,26,26
617,0,6,5,54,54
618,0,37,16,26,26
619,0,12,14,42,42
620,0,33,12,30,30
621,0,1,1,62,62
622,0,8,2,48,48
623,0,28,40,18,18
624,0,6,11,50,50
625,0,1,3,60,60
626,0,16,9,24,24
627,0,4,5,58,58
628,0,10,0,38,38
629,0,43,44,12,12
630,0,2,2,56,56
631,0,6,5,52,52
632,0,10,1,26,26
633,0,16,3,30,30
634,0,0,0,62,62
635,0,27,17,4,4
636,0,29,9,14,14
637,0,13,26,30,30
638,0,22,19,36,36
639,0,12,8,42,42
640,0,0,0,56,56
641,0,15,15,38,38
642,0,20,43,6,6
643,0,5,1,50,50
644,0,8,42,18,18
645,0,10,0,42,42
646,0,24,7,4,4
647,0,18,27,30,30
648,0,20,13,6,6
649,0,8,15,42,42
650,0,0,3,54,54
651,0,1,0,62,62
652,0,12,29,8,8
653,0,5,3,58,58
654,0,13,28,18,18
655,0,3,3,60,60
656,0,40,15,12,12
657,0,28,33,12,12
658,0,9,7,40,40
659,0,11,24,30,30
660,0,14,18,34,34
661,0,0,0,62,62
662,0,2,9,44,44
663,0,1,0,62,62
664,0,15,18,40,40
665,0,8,3,52,52
666,0,15,18,32,32
667,0,5,13,36,36
668,0,9,5,16,16
669,0,15,0,44,44
670,0,5,0,58,58
671,0,0,5,50,50
672,0,33,3,14,14
673,0,12,11,22,22
674,0,13,46,12,12
675,0,43,6,2,2
676,0,35,4,26,26
677,0,7,6,52,52
678,0,0,33,14,14
679,0,3,21,32,32
680,0,1,5,58,58
681,0,4,3,58,58
682,0,17,24,14,14
683,0,16,35,28,28
684,0,14,41,4,4
685,0,38,37,8,8
686,0,25,25,14,14
687,0,41,36,16,16
688,0,48,25,8,8
689,0,47,17,12,12
690,0,20,11,12,12
691,0,7,31,4,4
692,0,47,14,4,4
693,0,28,13,18,18
694,0,32,28,4,4
695,0,23,32,20,20
696,0,18,14,44,44
697,0,6,19,36,36
698,0,11,6,46,46
699,0,12,33,4,4
700,0,14,6,40,40
701,0,12,10,46,46
702,0,10,7,52,52
703,0,8,11,46,46
704,0,16,6,46,46
705,0,14,1,44,44
706,0,17,21,34,34
707,0,22,36,20,20
708,0,3,0,48,48
709,0,9,26,30,30
710,0,0,4,50,50
711,0,10,0,50,50
712,0,37,3,22,22
713,0,14,18,42,42
714,0,60,53,2,2
715,0,10,17,26,26
716,0,0,1,62,62
717,0,4,2,54,54
718,0,1,11,32,32
719,0,2,18,44,44
720,0,15,6,46,46
721,0,19,10,14,14
722,0,1,2,52,52
723,0,41,34,12,12
724,0,38,9,16,16
725,0,25,10,2,2
726,0,2,8,48,48
727,0,1,1,62,62
728,0,13,1,38,38
729,0,7,6,56,56
730,0,26,40,16,16
731,0,19,22,30,30
732,0,22,14,34,34
733,0,28,3,4,4
734,0,25,9,10,10
735,0,21,16,36,36
736,0,14,36,4,4
737,0,20,31,12,12
738,0,13,32,26,26
739,0,10,10,52,52
740,0,7,3,40,40
741,0,3,2,2,2
742,0,8,9,12,12
743,0,1,14,48,48
744,0,28,26,18,18
745,0,7,4,52,52
746,0,17,22,34,34
747,0,23,11,36,36
748,0,9,19,42,42
749,0,10,7,40,40
750,0,15,16,26,26
751,0,1,7,56,56
752,0,4,16,46,46
753,0,1,10,36,36
754,0,1,31,16,16
755,0,9,23,40,40
756,0,13,6,46,46
757,0,58,17,2,2
758,0,28,2,16,16
759,0,3,14,28,28
760,0,0,0,56,56
761,0,33,37,26,26
762,0,32,51,10,10
763,0,0,0,62,62
764,0,8,12,22,22
765,0,21,27,24,24
766,0,28,15,14,14
767,0,30,36,14,14
768,0,6,16,46,46
769,0,18,37,14,14
770,0,7,8,42,42
771,0,3,9,48,48
772,0,53,55,8,8
773,0,3,0,58,58
774,0,15,5,18,18
775,0,5,0,56,56
776,0,6,3,40,40
777,0,34,39,20,20
778,0,20,17,38,38
779,0,1,0,36,36
780,0,6,8,48,48
781,0,13,15,6,6
782,0,15,23,40,40
783,0,3,13,38,38
784,0,12,10,42,42
785,0,25,33,20,20
786,0,4,16,34,34
787,0,7,4,44,44
788,0,11,18,44,44
789,0,25,20,26,26
790,0,4,7,42,42
791,0,4,24,30,30
792,0,9,27,36,36
793,0,37,12,14,14
794,0,12,0,50,50
795,0,3,1,42,42
796,0,2,8,50,50
797,0,7,9,28,28
798,0,25,35,28,28
799,0,5,5,56,56
800,0,32,24,10,10
801,0,33,16,14,14
802,0,30,13,28,28
803,0,0,7,50,50
804,0,45,24,10,10
805,0,6,6,56,56
806,0,0,7,36,36
807,0,10,17,46,46
808,0,16,18,30,30
809,0,20,19,40,40
810,0,22,2,36,36
811,0,4,9,52,52
812,0,21,8,34,34
813,0,28,18,20,20
814,0,11,0,34,34
815,0,25,17,34,34
816,0,6,6,52,52
817,0,1,0,62,62
818,0,4,14,14,14
819,0,10,13,26,26
820,0,17,24,14,14
821,0,21,50,10,10
822,0,37,12,2,2
823,0,11,20,20,20
824,0,6,33,4,4
825,0,7,36,14,14
826,0,35,44,12,12
827,0,3,3,58,58
828,0,4,3,56,56
829,0,55,47,2,2
830,0,1,3,60,60
831,0,4,1,56,56
832,0,8,23,20,20
833,0,2,2,60,60
834,0,14,36,20,20
835,0,0,7,56,56
836,0,0,0,56,56
837,0,34,4,16,16
838,0,5,5,38,38
839,0,15,8,38,38
840,0,6,2,50,50
841,0,2,1,60,60
842,0,19,52,4,4
843,0,2,3,60,60
844,0,50,51,8,8
845,0,9,32,20,20
846,0,24,19,30,30
847,0,32,20,24,24
848,0,4,9,48,48
849,0,57,42,6,6
850,0,2,2,60,60
851,0,10,29,8,8
852,0,1,4,58,58
853,0,36,6,20,20
854,0,8,32,24,24
855,0,18,30,14,14
856,0,17,23,10,10
857,0,9,0,54,54
858,0,17,15,44,44
859,0,12,17,40,40
860,0,15,39,18,18
861,0,8,11,46,46
862,0,38,18,22,22
863,0,6,8,38,38
864,0,1,15,34,34
865,0,1,1,62,62
866,0,13,0,46,46
867,0,0,36,14,14
868,0,11,0,52,52
869,0,10,49,4,4
870,0,37,35,24,24
871,0,7,17,40,40
872,0,15,3,36,36
873,0,21,1,32,32
874,0,27,19,26,26
875,0,43,4,18,18
876,0,38,7,12,12
877,0,7,4,52,52
878,0,2,0,60,60
879,0,2,14,36,36
880,0,23,2,32,32
881,0,48,33,12,12
882,0,1,0,60,60
883,0,2,8,48,48
884,0,39,39,16,16
885,0,4,23,28,28
886,0,9,26,36,36
887,0,20,18,42,42
888,0,6,4,56,56
889,0,16,14,22,22
890,0,1,8,54,54
891,0,12,11,14,14
892,0,13,6,14,14
893,0,18,41,18,18
894,0,5,9,46,46
895,0,9,7,52,52
896,0,12,10,44,44
897,0,3,56,2,2
898,0,21,33,10,10
899,0,8,16,42,42
900,0,7,11,18,18
901,0,31,14,6,6
902,0,11,19,40,40
903,0,9,34,4,4
904,0,0,0,60,60
905,0,4,0,34,34
906,0,10,11,30,30
907,0,2,8,54,54
908,0,26,17,32,32
909,0,28,7,32,32
910,0,2,6,4,4
911,0,21,24,34,34
912,0,45,5,12,12
913,0,1,5,56,56
914,0,17,12,44,44
915,0,56,4,2,2
916,0,33,17,4,4
917,0,6,13,50,50
918,0,10,44,2,2
919,0,6,40,22,22
920,0,2,3,60,60
921,0,12,16,46,46
922,0,10,29,30,30
923,0,54,28,2,2
924,0,10,27,26,26
925,0,10,19,34,34
926,0,9,12,48,48
927,0,20,28,32,32
928,0,31,5,22,22
929,0,0,8,24,24
930,0,12,0,26,26
931,0,2,11,30,30
932,0,49,39,14,14
933,0,1,1,62,62
934,0,17,23,40,40
935,0,9,18,38,38
936,0,40,54,6,6
937,0,1,0,62,62
938,0,1,0,60,60
939,0,6,15,32,32
940,0,5,3,54,54
941,0,3,26,16,16
942,0,16,22,2,2
943,0,9,2,6,6
944,0,0,1,62,62
945,0,1,3,60,60
946,0,3,16,26,26
947,0,4,7,56,56
948,0,37,23,18,18
949,0,19,12,38,38
950,0,30,53,8,8
951,0,3,24,24,24
952,0,6,2,54,54
953,0,24,35,16,16
954,0,45,28,14,14
955,0,2,6,30,30
956,0,6,9,52,52
957,0,13,16,38,38
958,0,3,4,52,52
959,0,0,18,30,30
960,0,11,14,30,30
961,0,2,43,18,18
962,0,5,29,24,24
963,0,14,36,10,10
964,0,14,25,36,36
965,0,9,4,50,50
966,0,33,34,26,26
967,0,11,4,46,46
968,0,49,29,8,8
969,0,16,9,32,32
970,0,3,8,48,48
971,0,22,10,40,40
972,0,17,15,34,34
973,0,29,18,30,30
974,0,10,2,26,26
975,0,2,3,54,54
976,0,21,11,42,42
977,0,1,0,62,62
978,0,4,23,40,40
979,0,35,3,28,28
980,0,28,14,18,18
981,0,6,8,52,52
982,0,0,10,30,30
983,0,3,3,60,60
984,0,40,39,10,10
985,0,25,29,10,10
986,0,40,24,16,16
987,0,5,3,56,56
988,0,19,25,32,32
989,0,10,13,40,40
990,0,43,28,14,14
991,0,23,20,32,32
992,0,28,52,6,6
993,0,2,0,60,60
994,0,28,23,22,22
995,0,38,28,2,2
996,0,1,8,36,36
997,0,1,0,62,62
998,0,4,29,24,24
999,0,8,30,28,28
1000,1,19,37,30,24
1001,1,20,55,28,3
1002,1,19,11,5,40
1003,1,5,22,24,20
1004,1,50,2,14,21
1005,1,40,15,13,32
1006,1,53,36,6,22
1007,1,13,39,37,22
1008,1,56,13,7,13
1009,1,34,44,4,8
1010,1,39,40,2,24
1011,1,22,53,33,8
1012,1,59,2,4,44
1013,1,17,36,8,19
1014,1,10,49,3,1
1015,1,39,48,12,15
1016,1,61,3,2,40
1017,1,41,63,19,1
1018,1,50,39,2,13
1019,1,26,2,27,2
1020,1,37,46,9,11
1021,1,8,44,38,18
1022,1,39,27,8,9
1023,1,59,30,2,31
1024,1,54,22,8,9
1025,1,59,31,3,17
1026,1,57,13,4,20
1027,1,26,30,9,2
1028,1,14,43,42,13
1029,1,43,21,12,41
1030,1,42,52,10,7
1031,1,52,30,3,12
1032,1,61,23,3,15
1033,1,28,37,12,18
1034,1,53,53,9,8
1035,1,26,35,20,1
1036,1,56,17,2,1
1037,1,61,20,3,32
1038,1,45,51,5,5
1039,1,23,25,14,35
1040,1,9,22,40,35
1041,1,24,33,21,30
1042,1,25,47,13,10
1043,1,4,53,34,2
1044,1,42,51,13,1
1045,1,46,7,3,18
1046,1,15,27,8,32
1047,1,6,26,33,10
1048,1,61,10,3,53
1049,1,52,13,4,49
1050,1,5,24,44,29
1051,1,13,61,17,2
1052,1,42,58,12,3
1053,1,0,61,37,2
1054,1,15,42,26,13
1055,1,51,12,11,14
1056,1,26,17,3,10
1057,1,56,42,7,10
1058,1,44,46,5,14
1059,1,51,6,2,10
1060,1,34,48,25,8
1061,1,45,63,9,1
1062,1,31,14,27,49
1063,1,21,47,21,6
1064,1,4,29,25,29
1065,1,39,60,1,1
1066,1,20,21,40,14
1067,1,12,34,28,26
1068,1,31,62,25,2
1069,1,49,18,2,20
1070,1,26,49,1,9
1071,1,9,46,3,6
1072,1,59,40,3,14
1073,1,20,11,21,13
1074,1,30,10,19,42
1075,1,40,24,13,37
1076,1,3,56,42,6
1077,1,28,24,19,18
1078,1,19,5,32,47
1079,1,23,24,10,7
1080,1,39,42,14,20
1081,1,29,8,16,22
1082,1,29,48,6,6
1083,1,58,62,6,2
1084,1,41,36,5,10
1085,1,6,23,49,39
1086,1,7,52,3,2
1087,1,21,25,40,11
1088,1,22,56,14,1
1089,1,9,35,47,24
1090,1,0,3,57,14
1091,1,17,20,31,39
1092,1,21,38,43,11
1093,1,3,63,37,1
1094,1,19,48,4,12
1095,1,49,23,15,19
1096,1,33,63,21,1
1097,1,2,62,30,1
1098,1,44,21,14,26
1099,1,38,18,2,12
1100,1,5,50,9,6
1101,1,34,40,23,21
1102,1,52,11,9,25
1103,1,46,51,2,1
1104,1,40,53,15,1
1105,1,16,11,14,52
1106,1,29,12,26,15
1107,1,43,34,12,20
1108,1,51,14,1,42
1109,1,47,38,9,16
1110,1,40,46,17,6
1111,1,42,9,20,33
1112,1,15,3,41,7
1113,1,28,35,12,14
1114,1,15,47,39,3
1115,1,25,23,30,25
1116,1,38,3,7,18
1117,1,19,21,15,2
1118,1,29,3,21,27
1119,1,41,15,18,45
1120,1,58,41,6,17
1121,1,54,56,3,8
1122,1,53,9,10,49
1123,1,15,47,22,17
1124,1,19,16,20,13
1125,1,13,53,31,6
1126,1,40,1,19,19
1127,1,21,40,16,21
1128,1,17,59,43,3
1129,1,54,62,6,2
1130,1,29,40,25,22
1131,1,5,38,17,15
1132,1,7,28,48,24
1133,1,23,61,37,3
1134,1,51,37,5,19
1135,1,29,5,10,32
1136,1,28,34,16,14
1137,1,60,34,3,13
1138,1,46,32,1,31
1139,1,50,26,14,21
1140,1,45,57,11,4
1141,1,17,54,35,6
1142,1,3,4,12,13
1143,1,58,50,2,4
1144,1,21,18,18,43
1145,1,25,15,34,1
1146,1,9,16,6,17
1147,1,53,20,5,31
1148,1,58,41,2,7
1149,1,43,26,18,7
1150,1,18,63,2,1
1151,1,29,45,28,16
1152,1,48,2,4,28
1153,1,30,54,19,6
1154,1,8,53,1,1
1155,1,29,47,19,10
1156,1,32,16,16,48
1157,1,57,11,4,16
1158,1,37,60,23,1
1159,1,56,42,3,20
1160,1,54,48,8,15
1161,1,37,42,22,20
1162,1,49,63,15,1
1163,1,34,22,25,10
1164,1,2,15,9,9
1165,1,15,62,17,1
1166,1,50,56,11,3
1167,1,1,17,27,35
1168,1,62,9,2,26
1169,1,56,17,5,30
1170,1,63,5,1,30
1171,1,16,50,20,14
1172,1,63,47,1,15
1173,1,62,54,2,6
1174,1,16,53,20,6
1175,1,60,25,2,8
1176,1,41,34,4,24
1177,1,29,24,15,22
1178,1,37,6,1,38
1179,1,51,61,7,2
1180,1,28,48,13,5
1181,1,46,41,15,4
1182,1,17,33,12,9
1183,1,27,55,9,4
1184,1,55,37,1,22
1185,1,31,50,25,2
1186,1,31,46,4,17
1187,1,13,61,37,2
1188,1,25,3,5,51
1189,1,20,56,17,4
1190,1,40,58,1,2
1191,1,12,48,43,12
1192,1,9,21,33,35
1193,1,6,23,33,22
1194,1,23,28,11,34
1195,1,3,4,39,49
1196,1,51,23,7,6
1197,1,44,1,12,62
1198,1,14,40,48,23
1199,1,35,3,7,36
1200,1,58,10,5,31
1201,1,54,37,2,19
1202,1,5,56,16,3
1203,1,45,30,13,12
1204,1,1,41,57,5
1205,1,12,54,41,8
1206,1,57,60,6,4
1207,1,37,25,25,34
1208,1,58,23,2,28
1209,1,21,28,27,20
1210,1,38,20,6,10
1211,1,10,31,6,33
1212,1,11,16,39,46
1213,1,57,19,3,26
1214,1,44,2,19,35
1215,1,7,39,29,7
1216,1,21,54,27,6
1217,1,57,21,1,7
1218,1,49,11,8,14
1219,1,55,14,4,2
1220,1,11,14,8,6
1221,1,35,6,15,8
1222,1,15,62,35,1
1223,1,18,35,8,20
1224,1,52,3,11,6
1225,1,10,34,17,16
1226,1,38,42,1,1
1227,1,44,52,11,4
1228,1,62,40,1,5
1229,1,53,60,11,2
1230,1,12,55,19,4
1231,1,34,54,15,8
1232,1,48,6,4,23
1233,1,9,48,44,3
1234,1,50,63,8,1
1235,1,5,7,12,40
1236,1,55,43,5,4
1237,1,16,53,14,8
1238,1,53,5,1,2
1239,1,25,13,32,31
1240,1,35,54,11,5
1241,1,22,16,31,43
1242,1,26,29,9,9
1243,1,6,27,22,32
1244,1,36,41,11,15
1245,1,51,60,11,3
1246,1,7,28,28,1
1247,1,63,33,1,30
1248,1,42,28,1,10
1249,1,60,44,4,17
1250,1,39,58,18,2
1251,1,6,12,19,39
1252,1,17,61,7,2
1253,1,14,2,12,52
1254,1,25,29,8,1
1255,1,30,22,16,15
1256,1,39,56,16,1
1257,1,56,38,6,16
1258,1,20,62,14,1
1259,1,42,24,17,33
1260,1,32,9,11,35
1261,1,42,58,18,1
1262,1,41,30,14,26
1263,1,5,12,56,1
1264,1,3,54,45,3
1265,1,8,49,22,15
1266,1,23,35,16,8
1267,1,18,32,40,4
1268,1,8,61,10,1
1269,1,52,4,4,7
1270,1,1,9,24,52
1271,1,27,22,17,32
1272,1,62,40,2,4
1273,1,33,61,16,1
1274,1,7,3,55,9
1275,1,29,12,24,32
1276,1,53,47,1,16
1277,1,7,15,10,11
1278,1,41,28,22,11
1279,1,52,37,5,18
1280,1,38,34,16,30
1281,1,10,42,40,5
1282,1,20,61,5,1
1283,1,54,2,2,10
1284,1,12,47,36,15
1285,1,13,44,24,19
1286,1,35,8,25,51
1287,1,44,39,18,5
1288,1,5,53,3,3
1289,1,59,43,4,20
1290,1,3,32,26,21
1291,1,22,36,16,18
1292,1,31,53,22,9
1293,1,49,36,15,27
1294,1,8,7,54,29
1295,1,59,4,1,52
1296,1,39,43,16,21
1297,1,8,17,54,11
1298,1,7,17,4,30
1299,1,28,11,18,30
1300,1,27,26,29,25
1301,1,59,21,4,15
1302,1,6,37,51,5
1303,1,58,12,4,52
1304,1,8,38,49,26
1305,1,42,19,7,25
1306,1,6,13,38,50
1307,1,51,32,2,26
1308,1,36,18,9,45
1309,1,7,44,40,3
1310,1,7,48,17,13
1311,1,46,29,6,10
1312,1,16,43,42,1
1313,1,24,15,21,42
1314,1,44,30,10,18
1315,1,43,11,15,22
1316,1,58,39,6,11
1317,1,19,39,22,11
1318,1,8,50,47,13
1319,1,58,31,5,5
1320,1,25,47,28,16
1321,1,7,10,53,28
1322,1,6,47,18,14
1323,1,8,60,7,3
1324,1,25,33,36,18
1325,1,33,16,20,33
1326,1,47,22,9,17
1327,1,25,50,1,6
1328,1,2,14,21,9
1329,1,13,23,18,27
1330,1,0,48,14,15
1331,1,29,61,17,2
1332,1,56,30,6,31
1333,1,6,60,36,4
1334,1,16,38,25,26
1335,1,45,61,6,2
1336,1,6,59,22,5
1337,1,15,40,3,7
1338,1,14,26,20,37
1339,1,53,56,8,6
1340,1,48,39,3,10
1341,1,63,56,1,6
1342,1,25,5,26,6
1343,1,0,10,29,13
1344,1,44,61,15,2
1345,1,51,7,12,19
1346,1,57,50,1,6
1347,1,35,20,5,13
1348,1,25,32,28,6
1349,1,32,27,21,28
1350,1,61,54,1,7
1351,1,17,51,4,5
1352,1,9,0,15,60
1353,1,43,7,20,38
1354,1,3,20,41,8
1355,1,15,35,32,5
1356,1,50,5,11,14
1357,1,49,30,14,9
1358,1,25,21,22,40
1359,1,58,33,2,17
1360,1,58,9,6,14
1361,1,9,51,14,12
1362,1,3,57,10,1
1363,1,50,57,5,2
1364,1,16,23,45,26
1365,1,51,15,12,47
1366,1,56,20,5,5
1367,1,48,30,12,26
1368,1,6,4,45,31
1369,1,28,34,17,10
1370,1,10,46,16,2
1371,1,11,4,7,40
1372,1,55,19,6,5
1373,1,0,23,23,1
1374,1,4,2,21,57
1375,1,3,4,57,40
1376,1,21,6,18,40
1377,1,20,33,24,8
1378,1,57,20,6,28
1379,1,27,17,4,7
1380,1,59,49,1,7
1381,1,19,14,9,35
1382,1,57,42,4,21
1383,1,13,6,42,43
1384,1,20,5,34,36
1385,1,8,25,12,5
1386,1,60,21,2,30
1387,1,19,54,18,8
1388,1,28,9,9,15
1389,1,33,36,5,21
1390,1,3,47,61,16
1391,1,41,38,6,16
1392,1,48,43,1,1
1393,1,38,13,6,40
1394,1,26,45,14,6
1395,1,29,39,5,14
1396,1,39,43,24,4
1397,1,57,18,4,36
1398,1,4,34,51,21
1399,1,32,25,1,39
1400,1,22,57,33,3
1401,1,1,62,62,1
1402,1,18,13,36,8
1403,1,35,11,27,42
1404,1,5,23,30,13
1405,1,19,25,41,23
1406,1,37,11,19,48
1407,1,47,39,16,20
1408,1,34,14,30,35
1409,1,52,34,11,28
1410,1,50,32,11,19
1411,1,2,17,20,7
1412,1,16,45,21,8
1413,1,44,46,15,4
1414,1,44,18,8,5
1415,1,15,17,39,38
1416,1,34,45,25,11
1417,1,62,18,2,14
1418,1,34,35,7,18
1419,1,55,35,4,25
1420,1,33,1,5,39
1421,1,44,46,17,2
1422,1,42,30,19,31
1423,1,47,62,14,2
1424,1,60,36,2,22
1425,1,62,40,2,11
1426,1,42,8,6,43
1427,1,4,4,19,51
1428,1,30,58,21,6
1429,1,45,15,17,5
1430,1,44,31,10,19
1431,1,21,7,9,10
1432,1,3,51,37,11
1433,1,43,29,20,26
1434,1,10,29,13,28
1435,1,52,50,8,14
1436,1,16,47,24,2
1437,1,3,30,23,1
1438,1,4,39,2,2
1439,1,38,8,15,32
1440,1,42,1,16,8
1441,1,60,13,4,5
1442,1,24,26,20,32
1443,1,51,10,13,17
1444,1,44,2,13,23
1445,1,56,11,1,26
1446,1,62,56,2,1
1447,1,42,21,2,18
1448,1,14,57,8,2
1449,1,47,50,3,9
1450,1,48,51,16,11
1451,1,42,19,1,15
1452,1,3,27,10,35
1453,1,3,60,17,3
1454,1,2,5,37,16
1455,1,21,32,35,24
1456,1,63,54,1,8
1457,1,7,28,14,33
1458,1,1,52,46,5
1459,1,50,17,4,47
1460,1,55,13,9,46
1461,1,16,62,1,2
1462,1,44,34,19,20
1463,1,49,15,8,38
1464,1,46,61,2,3
1465,1,1,15,51,4
1466,1,32,25,19,10
1467,1,19,19,10,35
1468,1,13,2,24,55
1469,1,51,62,3,1
1470,1,47,56,6,3
1471,1,13,51,8,11
1472,1,58,55,2,9
1473,1,0,46,46,7
1474,1,15,31,23,1
1475,1,1,29,6,26
1476,1,27,43,4,14
1477,1,33,54,17,3
1478,1,27,21,20,38
1479,1,24,38,16,3
1480,1,24,39,39,24
1481,1,9,41,40,23
1482,1,14,32,49,18
1483,1,28,59,3,3
1484,1,36,62,23,1
1485,1,24,20,14,30
1486,1,25,23,24,2
1487,1,46,56,9,3
1488,1,56,18,7,44
1489,1,37,56,27,2
1490,1,45,8,9,24
1491,1,26,48,36,8
1492,1,24,46,26,3
1493,1,32,27,29,24
1494,1,58,0,3,11
1495,1,53,23,10,14
1496,1,40,47,13,16
1497,1,51,19,11,26
1498,1,50,38,2,14
1499,1,30,39,24,15
1500,1,45,12,2,22
1501,1,50,22,10,14
1502,1,40,37,8,27
1503,1,11,59,9,3
1504,1,15,59,19,5
1505,1,63,20,1,12
1506,1,46,13,2,8
1507,1,2,59,12,4
1508,1,21,13,7,46
1509,1,57,60,2,4
1510,1,28,32,9,25
1511,1,53,42,8,6
1512,1,14,42,3,11
1513,1,49,13,5,7
1514,1,42,46,9,6
1515,1,15,48,32,1
1516,1,8,52,26,12
1517,1,18,45,7,13
1518,1,13,41,27,8
1519,1,26,57,8,7
1520,1,49,43,2,4
1521,1,6,24,34,12
1522,1,58,34,2,2
1523,1,35,63,28,1
1524,1,7,51,19,2
1525,1,2,38,45,17
1526,1,23,15,15,9
1527,1,40,27,17,25
1528,1,42,49,10,9
1529,1,37,46,21,7
1530,1,4,52,5,10
1531,1,3,47,57,10
1532,1,60,41,2,10
1533,1,21,16,31,13
1534,1,25,31,26,1
1535,1,48,2,9,7
1536,1,12,59,28,1
1537,1,58,23,1,39
1538,1,40,19,9,9
1539,1,23,24,12,23
1540,1,23,11,6,47
1541,1,40,45,2,18
1542,1,12,37,14,24
1543,1,45,41,2,7
1544,1,13,50,43,8
1545,1,9,56,7,1
1546,1,15,15,4,19
1547,1,56,14,1,14
1548,1,38,9,2,10
1549,1,9,0,6,44
1550,1,22,3,39,25
1551,1,11,21,53,28
1552,1,53,13,9,33
1553,1,16,31,4,14
1554,1,32,29,4,16
1555,1,33,33,1,6
1556,1,50,1,8,12
1557,1,52,63,5,1
1558,1,11,34,3,25
1559,1,35,57,11,2
1560,1,0,48,50,2
1561,1,59,7,2,30
1562,1,38,17,22,36
1563,1,46,60,7,4
1564,1,38,42,5,21
1565,1,1,43,53,9
1566,1,32,3,2,34
1567,1,44,62,4,1
1568,1,54,54,10,5
1569,1,30,5,25,43
1570,1,14,16,2,35
1571,1,30,47,30,10
1572,1,48,13,3,3
1573,1,54,39,1,3
1574,1,59,20,4,13
1575,1,5,4,39,3
1576,1,49,3,12,6
1577,1,44,20,9,43
1578,1,41,59,10,1
1579,1,23,52,5,12
1580,1,17,39,5,10
1581,1,49,61,14,2
1582,1,23,46,36,16
1583,1,23,39,37,11
1584,1,4,57,21,5
1585,1,53,0,8,22
1586,1,2,56,32,5
1587,1,17,61,1,2
1588,1,19,30,44,10
1589,1,40,13,13,7
1590,1,29,59,10,2
1591,1,60,3,3,26
1592,1,47,16,5,45
1593,1,29,13,6,47
1594,1,58,5,2,31
1595,1,24,63,40,1
1596,1,33,36,24,20
1597,1,33,43,5,8
1598,1,13,7,36,11
1599,1,46,19,9,24
1600,1,47,44,2,18
1601,1,15,37,34,9
1602,1,38,23,17,5
1603,1,29,22,34,32
1604,1,46,28,18,36
1605,1,14,60,9,1
1606,1,20,33,13,2
1607,1,41,2,14,32
1608,1,55,30,9,12
1609,1,57,9,3,7
1610,1,62,62,1,1
1611,1,61,24,2,33
1612,1,5,37,50,11
1613,1,61,1,3,45
1614,1,44,58,20,3
1615,1,8,53,50,6
1616,1,57,56,4,2
1617,1,3,27,16,10
1618,1,44,29,13,5
1619,1,27,1,8,25
1620,1,8,8,43,17
1621,1,0,20,34,5
1622,1,40,17,13,28
1623,1,28,11,6,6
1624,1,18,36,38,26
1625,1,5,45,50,5
1626,1,53,40,11,15
1627,1,32,19,10,7
1628,1,36,52,6,3
1629,1,52,43,11,9
1630,1,8,52,17,6
1631,1,9,33,9,30
1632,1,39,53,14,10
1633,1,57,1,4,23
1634,1,18,8,10,11
1635,1,58,43,1,15
1636,1,43,1,18,44
1637,1,36,11,15,37
1638,1,49,23,9,1
1639,1,25,11,33,4
1640,1,50,44,5,17
1641,1,3,47,5,17
1642,1,59,10,2,37
1643,1,24,42,18,10
1644,1,55,3,1,17
1645,1,55,0,1,33
1646,1,38,56,2,6
1647,1,1,3,1,10
1648,1,10,14,51,48
1649,1,48,4,3,13
1650,1,22,15,22,27
1651,1,31,41,25,7
1652,1,8,39,24,2
1653,1,0,57,52,2
1654,1,31,6,3,47
1655,1,53,39,5,6
1656,1,32,9,15,6
1657,1,57,50,3,5
1658,1,30,55,28,5
1659,1,59,53,3,11
1660,1,35,52,20,4
1661,1,34,29,21,26
1662,1,37,52,5,11
1663,1,14,42,24,12
1664,1,52,10,10,18
1665,1,4,49,48,14
1666,1,35,43,18,11
1667,1,24,13,13,10
1668,1,38,60,9,2
1669,1,8,59,1,3
1670,1,36,4,8,20
1671,1,6,3,53,52
1672,1,0,53,15,3
1673,1,54,11,6,36
1674,1,61,10,2,26
1675,1,50,42,6,20
1676,1,49,59,6,5
1677,1,15,3,13,3
1678,1,24,60,4,4
1679,1,51,46,13,18
1680,1,46,33,15,9
1681,1,17,4,1,53
1682,1,52,19,1,43
1683,1,9,38,27,24
1684,1,53,41,11,12
1685,1,24,55,30,4
1686,1,51,30,4,17
1687,1,19,57,31,1
1688,1,53,62,6,1
1689,1,47,60,10,3
1690,1,0,45,61,17
1691,1,53,59,11,4
1692,1,22,40,10,8
1693,1,21,56,32,2
1694,1,7,21,29,31
1695,1,17,63,26,1
1696,1,14,60,30,3
1697,1,30,62,1,1
1698,1,19,1,41,51
1699,1,39,15,8,47
1700,1,36,19,15,12
1701,1,39,43,11,21
1702,1,45,39,2,8
1703,1,7,50,53,6
1704,1,54,23,7,24
1705,1,8,54,51,2
1706,1,0,36,6,11
1707,1,23,25,28,35
1708,1,45,19,9,44
1709,1,60,4,2,3
1710,1,54,58,3,1
1711,1,19,31,5,6
1712,1,58,7,4,45
1713,1,11,59,2,4
1714,1,13,14,10,4
1715,1,4,10,35,53
1716,1,8,55,37,7
1717,1,25,62,6,1
1718,1,28,5,26,29
1719,1,52,26,12,16
1720,1,25,38,31,15
1721,1,13,21,26,10
1722,1,52,45,7,4
1723,1,13,61,7,1
1724,1,28,52,10,10
1725,1,3,54,28,7
1726,1,33,39,2,4
1727,1,49,14,8,20
1728,1,20,9,8,22
1729,1,15,28,25,5
1730,1,15,56,12,5
1731,1,36,42,26,16
1732,1,44,61,16,3
1733,1,31,45,4,14
1734,1,27,32,3,2
1735,1,32,38,21,9
1736,1,41,28,3,28
1737,1,25,4,14,42
1738,1,40,15,1,6
1739,1,21,51,28,5
1740,1,29,40,27,2
1741,1,31,63,18,1
1742,1,44,24,10,34
1743,1,59,14,3,14
1744,1,14,48,26,4
1745,1,48,16,3,5
1746,1,53,38,7,11
1747,1,56,39,4,22
1748,1,0,49,17,7
1749,1,29,19,3,6
1750,1,43,45,4,5
1751,1,11,60,36,4
1752,1,7,44,28,4
1753,1,56,57,1,6
1754,1,42,35,20,25
1755,1,2,55,27,8
1756,1,42,11,16,41
1757,1,10,11,52,45
1758,1,53,14,9,16
1759,1,15,38,17,16
1760,1,23,1,19,5
1761,1,56,5,2,4
1762,1,25,22,10,6
1763,1,14,31,32,4
1764,1,31,10,14,43
1765,1,52,19,10,10
1766,1,1,61,50,2
1767,1,41,41,18,11
1768,1,3,27,21,19
1769,1,22,34,38,18
1770,1,0,55,37,9
1771,1,38,2,25,29
1772,1,27,48,6,16
1773,1,56,44,7,4
1774,1,21,5,21,5
1775,1,61,30,2,28
1776,1,56,5,2,21
1777,1,1,39,20,5
1778,1,36,48,2,4
1779,1,36,4,14,47
1780,1,8,39,23,24
1781,1,20,16,26,47
1782,1,43,1,17,9
1783,1,12,14,5,43
1784,1,45,22,4,33
1785,1,15,0,18,19
1786,1,58,9,1,36
1787,1,22,20,25,6
1788,1,7,14,44,18
1789,1,4,17,43,21
1790,1,20,38,11,9
1791,1,59,63,1,1
1792,1,40,19,13,36
1793,1,46,5,16,55
1794,1,17,16,16,18
1795,1,29,28,21,25
1796,1,59,19,2,17
1797,1,58,2,3,6
1798,1,11,42,50,3
1799,1,23,53,1,7
1800,1,34,18,26,19
1801,1,22,31,19,20
1802,1,62,12,1,33
1803,1,25,19,39,10
1804,1,3,29,24,27
1805,1,17,27,23,6
1806,1,23,62,40,2
1807,1,31,49,33,1
1808,1,56,60,5,4
1809,1,46,17,18,18
1810,1,2,34,37,28
1811,1,13,30,4,12
1812,1,19,23,7,22
1813,1,51,34,5,25
1814,1,17,9,2,6
1815,1,33,62,12,2
1816,1,8,9,22,52
1817,1,52,31,11,32
1818,1,53,27,2,14
1819,1,22,41,28,5
1820,1,37,0,2,49
1821,1,8,11,36,33
1822,1,23,23,23,33
1823,1,25,43,36,3
1824,1,39,48,14,12
1825,1,48,10,4,47
1826,1,22,59,13,4
1827,1,40,53,3,10
1828,1,46,3,8,47
1829,1,49,10,13,8
1830,1,15,61,29,1
1831,1,22,57,8,4
1832,1,15,60,42,4
1833,1,39,8,19,29
1834,1,18,18,14,43
1835,1,47,46,17,13
1836,1,10,31,19,2
1837,1,60,23,3,4
1838,1,40,36,5,20
1839,1,15,2,39,57
1840,1,7,5,33,1
1841,1,58,25,6,11
1842,1,9,43,36,11
1843,1,10,23,27,25
1844,1,4,4,57,13
1845,1,61,28,3,9
1846,1,48,58,5,4
1847,1,2,59,8,3
1848,1,26,32,5,20
1849,1,15,63,12,1
1850,1,63,13,1,16
1851,1,52,29,7,29
1852,1,17,5,25,59
1853,1,62,33,2,17
1854,1,24,59,3,2
1855,1,41,1,11,31
1856,1,24,59,33,5
1857,1,10,40,25,19
1858,1,63,15,1,43
1859,1,37,62,20,2
1860,1,60,25,4,8
1861,1,10,18,5,10
1862,1,41,37,23,12
1863,1,37,19,27,36
1864,1,10,57,19,3
1865,1,49,54,7,2
1866,1,4,31,49,30
1867,1,46,44,6,12
1868,1,52,19,10,13
1869,1,0,54,21,5
1870,1,18,9,23,17
1871,1,0,16,49,4
1872,1,34,29,15,6
1873,1,41,20,3,32
1874,1,30,13,1,43
1875,1,61,48,2,10
1876,1,49,21,9,15
1877,1,13,25,21,38
1878,1,13,53,47,2
1879,1,61,46,2,15
1880,1,10,24,25,6
1881,1,63,37,1,13
1882,1,13,48,28,1
1883,1,49,37,2,17
1884,1,43,10,11,52
1885,1,59,61,1,2
1886,1,49,7,10,11
1887,1,14,54,21,6
1888,1,26,29,15,18
1889,1,18,9,23,40
1890,1,10,15,30,33
1891,1,4,29,4,21
1892,1,33,42,4,7
1893,1,62,35,1,10
1894,1,41,51,17,4
1895,1,5,62,3,2
1896,1,41,40,11,16
1897,1,47,30,11,31
1898,1,42,26,10,16
1899,1,38,50,13,11
1900,1,13,60,49,1
1901,1,63,62,1,1
1902,1,13,35,44,15
1903,1,12,9,43,47
1904,1,1,49,10,2
1905,1,61,4,2,42
1906,1,50,49,14,14
1907,1,61,43,1,15
1908,1,54,50,4,13
1909,1,29,11,21,13
1910,1,40,49,10,5
1911,1,45,7,12,46
1912,1,47,50,4,8
1913,1,2,25,38,5
1914,1,1,32,18,26
1915,1,36,46,3,3
1916,1,60,62,1,2
1917,1,24,15,24,41
1918,1,56,17,8,44
1919,1,51,62,6,1
1920,1,7,44,50,11
1921,1,59,55,4,4
1922,1,21,15,28,34
1923,1,53,51,11,10
1924,1,58,19,2,4
1925,1,9,7,39,3
1926,1,41,19,3,18
1927,1,15,29,42,1
1928,1,46,56,7,7
1929,1,53,1,3,5
1930,1,41,13,8,38
1931,1,3,39,2,16
1932,1,39,34,11,11
1933,1,63,40,1,11
1934,1,8,10,47,24
1935,1,28,13,33,34
1936,1,54,9,9,15
1937,1,60,63,2,1
1938,1,3,8,49,10
1939,1,59,12,5,39
1940,1,57,23,6,1
1941,1,17,63,6,1
1942,1,37,40,17,15
1943,1,40,11,20,6
1944,1,14,6,39,11
1945,1,63,5,1,17
1946,1,3,52,6,6
1947,1,2,13,44,9
1948,1,42,53,14,9
1949,1,0,12,39,45
1950,1,13,34,40,25
1951,1,36,12,7,33
1952,1,6,57,51,4
1953,1,40,26,5,27
1954,1,11,44,8,6
1955,1,13,45,5,7
1956,1,51,31,8,3
1957,1,44,48,11,5
1958,1,3,18,30,26
1959,1,39,34,22,30
1960,1,0,1,1,9
1961,1,13,23,12,22
1962,1,5,11,37,9
1963,1,40,24,12,29
1964,1,55,22,5,23
1965,1,50,40,10,10
1966,1,53,53,7,4
1967,1,4,14,59,25
1968,1,13,8,17,37
1969,1,41,27,2,5
1970,1,51,40,1,19
1971,1,63,0,1,61
1972,1,14,39,27,4
1973,1,62,50,2,7
1974,1,24,44,8,18
1975,1,20,18,40,20
1976,1,41,45,18,16
1977,1,51,13,3,50
1978,1,13,31,23,3
1979,1,42,15,6,21
1980,1,51,33,6,11
1981,1,16,26,45,31
1982,1,39,24,20,1
1983,1,12,58,15,3
1984,1,38,13,7,35
1985,1,57,24,6,1
1986,1,37,56,22,3
1987,1,29,56,28,3
1988,1,48,23,10,27
1989,1,55,58,1,5
1990,1,1,15,50,2
1991,1,24,37,13,16
1992,1,58,13,2,23
1993,1,31,8,28,52
1994,1,17,1,5,53
1995,1,49,51,2,10
1996,1,57,45,3,11
1997,1,58,33,6,28
1998,1,44,26,5,13
1999,1,28,1,36,18
